# Coupling metrics
{
  "ridge_stats": {
    "count": 1477,
    "median": 0.48282459630811697,
    "p10": -0.746230102974373,
    "p90": 0.7627396170907453,
    "mean": 0.1263011545915772,
    "std": 0.6318684557482029,
    "quantile_threshold": 1.3125932665539444
  },
  "top_harmonic_index_summary": {
    "median_h": 1.983471074380171,
    "mean_h": 1.9834710743801713,
    "p10_h": 1.983471074380171,
    "p90_h": 1.983471074380171
  }
}